-0.004601942363656241,0.0023009711818281204,0.002684466378799474,-0.0019174759848567672,-0.01342233189399737,0.008053399136398421,-0.0038349519697135344,0.014986108456613932,-0.008006636180689598,0.9998556447459789,0.979717326175059,-0.0037142444318064224,0.9999605942503856,0.00806314670066862,0.007255055559284511,-0.9998808033668952,-0.0038345434520657825,0.014955779313924777,0.21198126097711079,0.0,0.0,0.0,1.0
0.27650003701634585,1.3909370794150988,-1.3518205693240208,0.08590292412158317,-0.042184471666848876,-0.8617137075946312,-0.2051699303796741,-0.7577643457066324,-0.3881945874443588,0.5244980063400664,0.6468402482592126,-0.4961770187288906,0.8648204821134368,-0.07677173830514149,-0.6145797135725786,-0.42379424543180194,-0.3184187431606171,-0.8479433598672164,0.2725093397080153,0.0,0.0,0.0,1.0
0.6281651326390769,-0.9855826562163783,0.8107088463974411,0.22050973825852824,-0.015339807878854137,-0.06557767868210143,-0.15493205957642678,0.5680320515455108,-0.7152633548888844,0.4071092256017984,0.912053946450799,0.7270652522965483,0.20433603517107457,-0.6554562560793221,-0.10776835007530818,0.38563675566516575,0.668315133663501,0.6361125488436634,0.4016487706846532,0.0,0.0,0.0,1.0
-0.9932525601558054,1.6843109050981844,-0.26729615228903336,0.2623107147284057,0.5825292041994858,-0.5591359971842333,-0.387330148941067,-0.8697835615976679,-0.04618117508331762,-0.491267600236774,0.7074971126948795,0.2512249323055118,0.8154620943954793,-0.5214476061813202,-0.42804557519655206,0.42469116939555723,-0.5769652257043418,-0.6976736622270981,0.20312064544921446,0.0,0.0,0.0,1.0
-0.4555922940019679,-0.2542573155920073,-0.3071796527740541,0.2791845033951453,1.1374467542170343,-0.8034224376549854,-0.06596117387907278,-0.7041317155281243,0.17332428403647387,0.6885907491033162,0.6360986363724481,-0.005752218799619083,0.9683271939673787,-0.24961842360319458,-0.3902418324286522,-0.7100460824244464,-0.17972517349137906,-0.68083288907572,-0.16056941610337302,0.0,0.0,0.0,1.0
