1.2036854684846399,0.26593823168145025,0.33476847445343916,1.4243104107996496,-0.8754462744624529,-0.4072296610499486,-2.869503489490604,0.008369536052926035,0.8825414044502962,-0.4701602070541038,0.0011723868818106567,0.9069743669168833,0.19129978149731014,0.37523578101615007,0.4262916604723493,0.4211026580561771,-0.429563805539969,-0.7988413411610858,-0.32332141021502514,0.0,0.0,0.0,1.0
-0.6511710681271576,-1.823840832506546,0.23309062040639628,1.0823488244175592,2.744262527933751,-0.3190634671783663,0.7290021580845858,-0.5184618565552396,-0.3538588043596632,0.7784479750596335,0.44470732462076284,-0.08517084947448877,-0.8844612487063961,-0.45877470062822384,-0.1613537167614308,0.8508485351089743,-0.3041582583358077,0.4284209660941445,0.957855510390023,0.0,0.0,0.0,1.0
1.034140706490431,-0.2554310964103985,-1.5786406260534445,0.11973836888239449,2.598060012107889,-1.1952908957631387,0.3804409566131284,0.1100796971546796,-0.6110816678976906,0.7838760459624409,0.6375000900493959,0.9242673722037459,-0.2271089985714983,-0.3068408829465746,0.5837354518459887,0.3655301423329087,0.7582880046046014,0.5398027576058275,0.5260120186959345,0.0,0.0,0.0,1.0
0.7328100115850169,0.44873928377590966,2.681942484145507,0.6179818406037298,0.7321241933070475,-1.206353000499218,-2.703952850974142,-0.8694616521703953,-0.493989984579045,0.003214115853721619,0.5555211693591524,-0.413903109222215,0.7320232401312943,0.5411341719794311,0.6784347586826363,-0.2696676687727122,0.4691650786698392,-0.8409301263335818,0.13368095703471988,0.0,0.0,0.0,1.0
1.461669713699944,-0.23778683444736592,-2.6891752769840203,1.5549547206666303,-2.5925954453083273,1.7750423507099418,-1.4996738723329066,0.7988128580369377,-0.38361050057186324,-0.46340155554968065,0.22717006451385174,0.5136765352313227,0.03402705653560459,0.8573089154886159,0.4196083947460142,-0.31310451128593303,-0.922867890477574,0.22423296309389884,0.7861703144175821,0.0,0.0,0.0,1.0
0.44541598351992095,-0.3779439525238535,1.3217866298357972,1.8362508313849573,-2.7702516156050545,1.902066383626473,-2.9255971992572527,-0.26882751928521154,-0.08221959644699767,0.9596727061009143,0.3165183231252472,0.9572406335070238,0.08774804311574724,0.27566401740602364,0.5669772622738842,-0.10687438625803009,0.992743783102896,0.055114849836677755,0.286976280903715,0.0,0.0,0.0,1.0
0.27259685564527336,0.5817806436256601,0.025788803636805913,2.4717505133601905,2.2219897144843364,0.417030721269815,0.17910006329146322,0.2833482703578082,0.17026111366403773,-0.9437822369906738,-0.09326184421272812,0.7176750211740639,-0.6904184839434215,0.09091139099185933,0.01595294495048769,-0.636126026560811,-0.7030885223093528,-0.3178210316023867,-0.05207257001821032,0.0,0.0,0.0,1.0
1.154934994536564,-1.6799818392804695,1.9679546588579564,0.4658141120111661,-1.5299790507424733,-0.9634669969439367,-1.5588093241304681,0.8676453531518188,-0.4220748851298401,-0.26276288264648073,-0.21470947237326354,-0.016683090955402574,0.5034892881011398,-0.8638403852816684,-0.09182556022088767,0.4969036281113569,0.7538907932254112,0.42980862748405896,1.0167177783004728,0.0,0.0,0.0,1.0
-0.9209499687117524,-0.8457925658828,-0.5901198206959313,1.639968688440093,1.7301286836624374,0.9447926278504573,-2.452774204367882,-0.6515647167495207,0.21818159152328828,0.7265398908576743,0.29766374040572596,-0.14693637575584517,0.9033100102174305,-0.40303936150297087,-0.647664813299647,-0.7442265255732652,-0.3693613658212651,-0.5565061186292521,0.2239791966459384,0.0,0.0,0.0,1.0
-1.4065927451309903,-1.8883457804020214,-0.3627324533208385,0.09919280924663436,-1.9352879893886654,-0.46018197059710997,1.9245138018942152,-0.2287461916738645,0.9226657814157088,0.31042396105849096,0.03521190682624879,-0.9727014366750186,-0.22943042259236734,-0.034836708791775216,0.06088348550969335,0.03907806142913135,-0.30991859736651417,0.9499596665760676,1.120816495535004,0.0,0.0,0.0,1.0
-0.32707342331775924,-0.695621319234212,-1.1188561127007302,2.182095771565545,-2.24279677070538,2.0514254162088656,0.000764533270537715,0.46760886612493907,-0.8826958998820474,0.04679633161660407,0.2244639337081684,0.8550399907658288,0.4382630405682854,-0.27718607732534645,-0.45128246330702365,0.22416191137773683,0.16962740227706044,0.9596759775487849,0.3701484329472631,0.0,0.0,0.0,1.0
-1.3557671431170804,-0.033975988847101846,-0.344826674597841,2.6060005941500446,1.2516136076858437,-0.3958734613923971,1.6297970981115073,0.08572001122139772,-0.7286187404018774,-0.6795342602190011,-0.0741310891066558,-0.5348908266061695,-0.6090736488294037,0.5855946498339998,-0.0642691962640756,-0.8405616475243043,0.3132794622007924,-0.4419412803466202,-0.013716455831347521,0.0,0.0,0.0,1.0
0.35500626055999995,-0.3420424727628739,0.4483812250706962,0.6920473425084663,1.2736418475649165,-0.03309619411466991,-0.13022336367926712,-0.5750117215704236,0.2369530870031371,0.783080298958096,0.822878930709641,0.8181408800153072,0.16343557293688687,0.5513023797758997,0.46723211983757357,0.0026496234442703465,0.9576753354130382,-0.28783837728337813,0.20692052665635802,0.0,0.0,0.0,1.0
0.6691515721108534,-1.1189957993516155,2.1261947556122003,0.852869349735964,1.5547816015406948,1.630801805807186,-2.040842323698837,-0.9653974621379962,0.03481914322584778,-0.258447997404767,-0.029433161598113912,0.23228712244424934,-0.3356505863854258,-0.9128972431800253,0.2240361772480874,-0.11853452173981571,-0.9413428233774015,0.31594818567571387,0.9518019558667745,0.0,0.0,0.0,1.0
0.7531126570590614,0.6601946044257088,-1.132152524858264,1.6410318446177459,-2.0312188097756696,1.1569597641941594,0.45494953119251447,-0.09899341616078768,-0.2108683877822308,0.9724889853314225,0.6124412849085719,0.6435408250041238,-0.7589741721454093,-0.09906266990749972,-0.1498502513942977,0.7589832080552434,0.6160298118194552,0.210835862319146,-0.04635649843874275,0.0,0.0,0.0,1.0
-1.155915794290201,0.6449505303821623,1.1228155978062704,1.2453279308105663,-1.258715487588057,0.4571892481816058,2.0683631369184017,0.5290075598300495,0.7280359243224459,0.4360214381640178,0.5889080997058046,0.47716377869188764,-0.680072887243224,0.5566108122747389,-0.09199268876986294,0.7017590255544535,-0.08639769055146745,-0.7071560712602537,-0.24373017946593295,0.0,0.0,0.0,1.0
-1.1125704246797752,-1.3304784850036993,-1.7954687614055451,1.547141545139764,-0.44343534365037174,0.9796736519939435,-0.2282937619269485,0.6360838483376671,0.2944500333132821,-0.7132296374701139,-0.38919416353186054,0.6920279271877838,-0.6265529915244982,0.35850899124552116,-0.19915245768113593,-0.3413131785854783,-0.7216166064424437,-0.602307884250545,0.5898176074048962,0.0,0.0,0.0,1.0
1.4225495686822704,0.7760611707165994,-2.1116655327647513,1.4993279806098994,2.826588750326482,-1.2656458830063686,-2.830786410325987,-0.7530110704190954,0.6485722521651129,0.1110331551734036,0.5202874424384769,-0.6417752535400532,-0.6866538251888809,-0.34151288159757365,0.41096366407929064,-0.14525443803852792,-0.32842131184646217,0.9332955534851543,0.26939061679544263,0.0,0.0,0.0,1.0
-0.45263073454743474,0.3981115399609778,1.108325252136102,2.3623795911679704,0.08785426527791929,-1.1581872051954958,2.626955651093251,0.8645795523019073,-0.16709646882202683,0.4738997445121093,0.3253254498937303,-0.4732696136366492,-0.5877226019076884,0.6561996769391717,0.2955063656590587,0.1688729420293553,-0.7916191718964782,-0.5872146252745104,0.04504730626509795,0.0,0.0,0.0,1.0
1.3432142197583261,-0.8721993745510306,1.566017991546918,0.047448158261636245,0.7024019715193228,1.1548091834647376,1.588563671018468,0.5048825820404989,0.4297846863988458,-0.7485844653004525,-0.0014859653891964725,-0.6844655229401052,0.7277266345635416,-0.043827996225587015,0.5413107147215178,0.5259282520063432,0.5345082494067488,0.6615893024057187,0.9270447087581883,0.0,0.0,0.0,1.0
1.5250137525303267,-1.9801651448810655,1.8853313143857235,2.619103854769733,-1.4292122773518747,0.5329344608309532,0.9540819054696996,0.7753861834061476,0.4158980338665166,-0.47518953272227493,-0.24476498521261958,0.6255324731449243,-0.40275762754852956,0.6682031266708308,0.07844546453819645,0.08651815777073957,-0.8153619557456956,-0.5724504253632026,0.22350942523681985,0.0,0.0,0.0,1.0
-0.765317825089371,0.09792755833987954,-2.293317949990045,-0.03696007388842899,-1.571813661368529,-1.0062461431106176,1.685629480270289,-0.5452216339075131,-0.8373840387959837,-0.03900437781773126,0.6099425046398139,-0.5679456425827408,0.40321200140150393,-0.717535942651705,-0.6681915307038593,0.6165801788822759,-0.3690637526166988,-0.6954285222177622,0.17230249310461107,0.0,0.0,0.0,1.0
-1.3810301000440335,-1.940450744770117,-1.0851927864075093,1.264436638321474,2.5703671731756836,-0.4805595159358125,0.6344212184297424,-0.19723188174497408,-0.3804841286155269,-0.9035106046389378,-0.39874252010307176,0.38683680027847167,0.8166280377846259,-0.42834091312218286,-0.20069480711667798,0.9008090112635697,-0.43399363563964277,-0.013879821707594806,0.805431789887996,0.0,0.0,0.0,1.0
0.2791684528796108,-0.578009488842091,1.7171318145135892,2.015620883557237,0.9575749260104143,0.16105738484701182,1.8380252247545963,0.3492784144300821,0.5351428888348996,-0.7691727229580141,0.04723822847275315,0.5033266224454822,0.5852402715313532,0.635732754949382,0.5118157602100373,0.7903587162490401,-0.60919283737364,-0.06493986866188632,0.4382904011949297,0.0,0.0,0.0,1.0
-1.1927807836572808,0.2067132312574187,0.1668485080628228,0.9333613025329002,-0.8831347969144927,-0.40401146340558136,2.482412875895294,0.7934166503826502,0.1061527399530105,0.5993509945733335,0.3835028463492397,0.4322184727068252,-0.7915738654211182,-0.43196991496312426,-0.5530872835497778,0.4285757934678007,0.6017826944859231,-0.6739290599690051,-0.2780300640834539,0.0,0.0,0.0,1.0
0.33250783927957817,-0.6123009391437497,-2.727464391779522,1.527725121581687,1.8770589696237554,0.5287858795295894,2.4697153618831607,-0.2543817384896587,-0.963632690985007,0.08186554823595005,0.26995048983460385,0.5571579816417069,-0.21521652792628132,-0.8020329354835096,-0.22004996816671918,0.7904839749267017,-0.15841048883312614,0.5916427996787689,0.8990436977131882,0.0,0.0,0.0,1.0
1.5676473094726615,-1.9085507414759213,-2.323462429250678,0.551761781362439,0.3770879909516025,-0.6833754818926014,-0.3073095891953548,0.7182562757734664,0.6572000963506934,-0.22846434222580378,0.23001670033760244,-0.6817339504713998,0.5990951364857261,-0.41990932141809817,-0.3787130812380751,-0.1390925702066388,0.4573544039317738,0.8783394595015773,0.9622476711908889,0.0,0.0,0.0,1.0
-1.4240937658385902,0.3531636993063567,0.7674566843679367,2.5119354792646567,-2.267189186342594,-0.21672684511635754,-0.7230075427020868,0.5339989016793022,-0.7884014453232049,0.3053986477009692,0.29609902562781304,-0.08736008457239146,0.30782737020646295,0.9474230975521325,0.08410364573288766,-0.8409598020290885,-0.5326025452098917,0.09550466065664832,0.06582129281447102,0.0,0.0,0.0,1.0
-0.5342430628068844,0.5778140660603284,0.3778449312806349,0.6930331621062121,-1.9469799192299122,0.08822798557076172,-2.89872790376792,0.5867224467488836,0.7243350576109513,0.362071118423913,0.5470192282880972,0.7862476543110845,-0.6165759791277063,-0.04060403986092408,-0.14972723911627744,0.1938334248041881,0.30850086916968306,-0.9312657070622911,-0.4247861919763326,0.0,0.0,0.0,1.0
0.23606061300083514,-2.0397725983542356,0.47589133322943145,1.160674753394892,-0.975310066800108,-0.2950865115160095,-1.044624219649216,0.2996189472794735,0.9405209061402456,0.16015277563711428,0.19803292703974948,-0.755810903499571,0.13155159226063162,0.6414390514498279,0.29189902215364927,0.5822184852633095,-0.3132325073915929,0.750271305416163,0.9902460072954514,0.0,0.0,0.0,1.0
1.6022143364279102,-0.3376348414142716,-2.5251903076020406,1.284271811995714,-2.7148243921493442,0.9781016210483433,2.4275876738863333,0.1333874947258179,0.984364409464964,-0.11504123447469893,0.27208924042020116,-0.7154419539288148,0.1759674483177171,0.6761495897292781,0.4909392085603218,0.6858211040856717,-0.007884574258916588,0.7277274535699929,0.8542520297363607,0.0,0.0,0.0,1.0
-1.0651644034041678,0.7643248655363513,2.6650022117582814,1.5469050892810619,-2.4478306830653658,-0.27614076724012415,0.10636304458237111,0.8463598379937282,0.1777826507818383,0.5020640932313452,0.59430152200884,-0.015166489573929728,0.9503083785389398,-0.3109404497209961,-0.4724311227259496,-0.5323955317479985,0.2555529588161216,0.8069991840238081,0.3933025369097868,0.0,0.0,0.0,1.0
1.6520688995435069,-1.5530145925126457,2.1735355479788305,1.6947811854305534,2.3227292615538584,0.3420978493274245,-1.9366952314494796,0.24394282028031308,0.7682603657703144,-0.5918343609660984,-0.35639873026085145,-0.3237819045948339,-0.5107334508259707,-0.7964399666417663,-0.3022935543169272,-0.9141428655798987,0.3859110682448206,0.12415904604785218,0.6252014532916514,0.0,0.0,0.0,1.0
-0.3453443916686556,0.1914905139779295,2.9467249876766823,2.2929560872930757,0.3822128024463436,-0.265947461760514,0.5264090122990313,-0.8290046806940292,0.5303576414157547,-0.17740352752780514,0.2835193366013642,-0.5569212027101382,-0.7540578233707965,0.3481889903273648,0.017862499848889192,0.0508921738510362,0.38745008866331976,0.9204848806121162,0.6989625138396189,0.0,0.0,0.0,1.0
-0.35573308121310965,-0.6915592347281392,-0.7536743445453657,0.5696898119313818,0.6028333310004914,1.1209334697803064,2.753836582557854,0.7726693650322299,-0.411010242513466,0.48378986439332594,0.7226130661884672,-0.21496310512377215,-0.886483344171073,-0.409802567028096,-0.4728712334443387,0.5973047093203239,0.21264491777677855,-0.7733105606206799,0.4632504247915723,0.0,0.0,0.0,1.0
0.02309383176611446,-0.5061751966155312,-1.60430981898394,0.07887118368895545,-1.786635427938814,1.1150312444194175,0.9825369810215134,-0.6839913523342451,0.728883700733702,-0.02973853958609661,0.7621845804543199,-0.7202929738743684,-0.668353459701973,0.18569244651202504,-0.058065482767035076,0.11547234179312811,0.14843248872516462,0.9821577951488575,0.7643264015704567,0.0,0.0,0.0,1.0
0.028800181315701723,-1.1865833902457399,-0.3070530298452483,2.3232978456420583,0.36981421133328274,1.3926271469623928,-1.2868101350106365,-0.6778851056035061,-0.3424060874632151,-0.6505611845699503,0.38787551854402746,-0.713813211838131,0.5182905304257323,0.47100490939728545,-0.031739060387848975,0.17590475322246155,0.7836663814016437,-0.5957554199959902,0.18626347991120118,0.0,0.0,0.0,1.0
0.6987187234670007,0.10417470935277251,2.935061131130797,2.1446801375646767,-1.9987516744829392,-0.8800216888734185,-1.5772305930218506,0.8268658781471495,-0.5613368310435951,-0.034551145710060883,0.20325382935879915,0.29031097677901596,0.4786400073803993,-0.828627346939808,0.14612980448474794,0.48167660968491827,0.675133102024205,0.5587333337412553,0.7025456172737646,0.0,0.0,0.0,1.0
0.6378654948819473,-0.9687046097366714,2.8975779058149973,0.5092256754147568,1.8817602271939782,1.6685773849578636,-2.9449024168312197,-0.06572947377653676,-0.7383593459833749,0.6711967762706119,0.3124924806316489,-0.046790880406011634,-0.6696307422752789,-0.7412187818118813,0.11000624655498137,0.9967398104760792,-0.08012580856915927,0.009465992459776761,0.9914247754942114,0.0,0.0,0.0,1.0
-0.39839510958383717,-1.4722221393869295,2.3098316555004894,2.512186996858015,1.3147127613704575,0.038422063681127216,-1.5444848139534022,0.4228117537177686,-0.8548254433264507,-0.30083829935671785,-0.01432225616440097,-0.6431949642720978,-0.51693129907508,0.5648736761184444,0.3036056044642561,-0.6383811235093969,-0.04533755042221946,-0.7683840495927754,0.27209057561992267,0.0,0.0,0.0,1.0
0.8780441127780556,0.12048354083277957,2.2706131172596287,0.5376001915451852,-2.768811587409181,1.936217031824509,1.3883958815539632,-0.8698140171283429,0.2877918805912535,0.4007485609117075,0.44589685192151934,0.1785104055647955,0.9407945088452739,-0.28816614518654365,0.6870260440528774,-0.45995392237934773,-0.17911316420723988,-0.8696900963535938,0.2563017153479069,0.0,0.0,0.0,1.0
-1.165566633336701,0.8547077011503466,2.077085334953863,0.5171780350351357,-0.10412063178091069,-0.2543594780196814,2.103218954923748,-0.5348593119089794,-0.6867246060854841,0.4922751586876895,0.566439023809521,-0.7796725859223019,0.17659269853095233,-0.6007709027464518,-0.543152607282891,0.3256319628437658,-0.7051413576172462,-0.6298725986675585,-0.22526167023771695,0.0,0.0,0.0,1.0
-0.15608069455975748,-2.0027651778576296,-2.9499190755413993,0.5392061650769597,1.0481682521922524,-1.543164347451358,0.029035974658200292,-0.8144523870611727,0.5258578251896995,0.24523632866505982,-0.3716788060870588,-0.007076189834856994,-0.4316238006314891,0.9020259543194138,0.11653487183134459,0.5801872428343964,0.7329218528705417,0.35525810453391915,0.834475736563412,0.0,0.0,0.0,1.0
-0.5015696065723618,-1.9109758023311119,0.11247501261099124,1.1617834753603822,-2.3211404491164447,1.3457958486192585,-1.232760271001715,-0.4517478659877282,-0.7168362530461143,-0.5311022988976241,0.25841513602254795,0.839745980935352,-0.14064238586781186,-0.5244486693665387,-0.16160322227507043,0.3012483246068883,-0.682909588171243,0.6654952601674382,0.9844404597831617,0.0,0.0,0.0,1.0
0.07567942286414242,-1.3306290331959345,-2.693245298538976,1.325003171018508,-0.7675104367403938,-0.7509161465205269,-2.68781448269951,0.8706396378358545,-0.4797029130238957,-0.10895749751826071,-0.1495402722978623,0.2795890719391324,0.6647874183934684,-0.6927392288574126,-0.2772473353131792,0.40474259953860503,0.5726629057151655,0.7129099694467712,0.8934104502402421,0.0,0.0,0.0,1.0
-0.14312334319990927,-0.3790671669818577,2.109214057009514,0.04876730784798647,-2.019781709337942,1.75364216880362,0.350504187359324,-0.8893415754104977,0.39865341818920286,0.22393529068112084,0.827070775461124,0.4188379465468627,0.9067264840647138,0.04921237271306895,-0.025128877123019797,-0.18342937817803628,0.1375592063865848,-0.9733607388627878,0.47409006891015665,0.0,0.0,0.0,1.0
-1.4529579676183313,-1.0511501614412617,-1.5855868833519846,0.41269529103218716,-1.0377440254231969,1.9021926844390717,-1.3834025710137847,0.8412372960954246,0.3550502439388272,-0.40774886380839687,-0.16559828037461288,0.3838162952562866,0.13899131734748277,0.91288907606442,-0.32644208602111113,0.3807950408734312,-0.9244569962853819,-0.019349389272304045,0.8972151276617133,0.0,0.0,0.0,1.0
-1.2190740034643655,-1.8199663762531042,2.008614373979472,1.2698257019970962,1.3978886362727208,1.8033629415358108,0.07174703990150899,-0.5145805410780341,-0.37145153528934804,-0.7728069769839192,0.24528355941977315,-0.8569607755536002,0.19260223573927474,0.4780403831799207,0.40493084065769563,-0.0287244827004767,0.9082555453832466,-0.4174287584416903,0.64524054864796,0.0,0.0,0.0,1.0
0.2575404097737224,0.17845712890739573,1.6408624280462867,0.7552989241612292,-0.8448206152334756,1.4531381280605011,1.1087124754280655,-0.7118148795757171,0.3207699256202201,-0.6248409653921593,0.5703692126582791,-0.011886702207280164,0.8839925316786437,0.4673498799047856,0.5502309630187686,0.7022665331092196,0.34009389696667686,-0.6254261408997681,0.11202268196815536,0.0,0.0,0.0,1.0
-0.21987910602336158,-0.8107879401871867,-2.1816521561093714,0.9353401137269475,-2.2564307284943186,0.19072151534542137,0.2853696837804369,-0.06313379379629158,-0.9975524415069082,-0.03005412658011172,0.2996727750835611,0.8589792370244809,-0.038982669604941594,-0.5105242617460141,-0.41756842893154134,0.5081031336665107,-0.05804720418829855,0.8593379589219795,0.9590906657642819,0.0,0.0,0.0,1.0
-0.3627131842168547,-0.1449930610385315,0.9843780082230547,2.57085528198818,-1.9452372872400725,-0.5135028880184487,-1.841047899771424,0.7823104694237016,0.1195816333112734,-0.6113023494185802,0.19767439724161892,0.585374828575615,0.19429557903258288,0.7871375597940062,0.2493543372313775,0.21290053898507877,-0.973626961902248,0.0819993875395509,0.14046424421461853,0.0,0.0,0.0,1.0
0.5987163612612558,0.2860057777552223,-0.39611325232434735,0.26226286914695596,-0.4109696665862308,0.8200386755368296,-0.1751708193477297,-0.40137167984648864,-0.7212087967975606,0.5645871465407469,0.7544392500351529,-0.9111894972098478,0.2518796893744506,-0.3260219659088871,0.30808657948876755,0.09292187466723294,-0.6453018623113105,-0.7582552549807233,-0.16399516743153864,0.0,0.0,0.0,1.0
-1.349587391063416,0.25320707132135434,0.16836499896528867,2.578921402911658,-0.36883014849581075,1.1205295102649708,-0.3509364435843998,-0.4047767548513136,0.7373502779063086,-0.5408052758651014,0.0422197299583118,-0.8135701696272819,-0.020407866625696464,0.5811085080020973,0.031384796048050834,0.41744383792873885,0.6752022561064772,0.6081468206971468,0.09170700418746972,0.0,0.0,0.0,1.0
-0.4865234553737594,-1.2511523732490035,-0.5891089555790061,0.8441671362103487,-0.9155933136168115,-0.030961607297418592,-0.468187857771472,-0.8101997435946389,0.24814787252404386,0.5310357886630356,0.4950320065523542,-0.5858277693291619,-0.37302333634182255,-0.719485521207504,-0.5124579740475165,0.01954994020450168,-0.8940224963087934,0.44759532608349906,0.8202129985316002,0.0,0.0,0.0,1.0
-1.6040097997592517,0.6322799171965139,-0.9931645357565011,2.050266552231281,2.4726122360442124,-0.18230829724851305,-2.729390897721887,0.3692604205617256,0.59404951392259,-0.7146690960262043,-0.36583657018829596,0.29896576394140867,0.6522037615095725,0.6965986832198973,-0.003644591245759471,0.8799239818288326,-0.47088791498731364,0.06323256851807453,-0.011173088500428072,0.0,0.0,0.0,1.0
0.7803898344353455,-0.08131063502483338,-3.0251560135795263,2.101208416182883,-2.2258305327237338,-0.5528509478636121,2.9638585713792125,0.16150691448727866,0.9678898692237101,-0.1926258488025638,0.2141569681687958,-0.49129627863230724,-0.09042487058240327,-0.8662859281912652,0.025051471750695026,-0.8558875411961814,0.23454753001100842,0.460916449034844,0.7413809230290701,0.0,0.0,0.0,1.0
-0.5355192832901627,0.02125140771723233,0.01827834459199673,1.1885325439791041,2.491647104011193,0.7430056145384356,1.9484830927460681,-0.10635550546217162,-0.48047527999157885,0.8705354741622535,0.6551160151938096,-0.9861085511859864,0.16330754652461504,-0.030340905160953783,-0.2834638548480597,-0.12758695754567276,-0.8616693974867187,-0.49116943888958925,-0.19947514918051623,0.0,0.0,0.0,1.0
-1.0876662480551214,0.34197997101204036,1.0870719971298142,0.6139226181819673,-1.891368583291943,-0.38513524134935984,2.8047548554274986,0.32107347654226204,-0.03529476582748391,0.9463963768771774,0.6871423143830129,0.6433987189961712,-0.7251584904583375,-0.24532275090229833,-0.4949374881308194,0.6949459770767445,0.6876768450525057,-0.21012055045492442,-0.0998900639739201,0.0,0.0,0.0,1.0
0.4753119070864471,-1.898407577006383,-1.0085922290076872,2.4598243985617185,-2.017169921908444,-0.9534160689571771,0.8814909892972191,-0.17496604641867286,-0.7704489915327422,0.6130213977071272,0.4196735006062148,-0.40297731116673957,0.6241239962986792,0.6693866774361371,-0.07032632472884384,-0.8983296551296989,-0.12991377405936222,-0.41967397110639276,0.3555775796980847,0.0,0.0,0.0,1.0
0.3690175530985942,-0.43710001797071873,-2.356736720423703,1.155150713184805,2.9953042970013968,0.5476422262091252,2.0072836219004646,-0.6130148887318212,-0.3338789701385255,0.7160569666530386,0.6372118545477449,0.26150317611960877,-0.9409791598967068,-0.21488208282554608,-0.14197118632168956,0.7455392914343751,0.05552525496857841,0.6641446461338105,0.8407000904089187,0.0,0.0,0.0,1.0
-0.14495194287391855,-1.6259540327420203,-2.5965602846492386,0.6869626811503555,-1.3759480923249456,1.5716714577712965,-2.3922685457482777,-0.05743821206701544,0.8571843906200054,-0.5117966122122679,-0.2579572602882629,0.15027720359806934,0.5142253579040814,0.84438678540534,-0.017777709692202354,0.9869739681842116,-0.028411296447527712,-0.15835145834782113,0.8998208514887086,0.0,0.0,0.0,1.0
-0.5370070439792922,-0.4523323413136784,-2.7449834567213807,0.22410180380242556,0.028454280806828436,1.4557299963809227,0.20945794171995313,-0.7583240885637172,-0.15232890723527132,-0.6338300093278287,0.5152399636064707,0.27540162252748107,-0.9561449295886582,-0.09970366057036874,-0.402028787066427,-0.5908455999778947,-0.2501655005039837,0.7670193604755704,0.8223814007032816,0.0,0.0,0.0,1.0
0.6390054312826086,-1.4509801357790444,1.4495034068299644,2.4280022395355894,2.582556397849773,0.09053015270725995,-2.7715362887256436,0.43227363514731754,-0.7752366300891543,-0.460594910658526,-0.09735597210256236,-0.553870101806245,-0.6313392053659193,0.5428063357156668,0.38595149146902996,-0.7115949793819963,0.02046888213706957,-0.7022916845459549,0.28231105258338307,0.0,0.0,0.0,1.0
0.5362930413153151,-1.7990179799022226,-1.830591108430832,2.2783244596757575,0.8808932906855413,-0.7244077929420898,1.4893046479246568,0.6834015667532405,-0.6981697792072724,-0.21335711368708674,0.17225594275851036,-0.37689320800087667,-0.08711628390270447,-0.9221508894111585,-0.4179855161222163,0.6252310039673528,0.710612209633814,-0.3226708527235212,0.33864589723649513,0.0,0.0,0.0,1.0
-0.39771010571216814,-1.8076605740104181,1.2167618440345258,-0.039435161781599885,-0.8422889631704513,1.0628909251975658,2.9164872887163273,-0.6607047689900927,-0.17785847857566275,0.7292705738150268,0.09039367985133728,0.2807529046698189,-0.9595646858146333,0.02033273854952866,0.08246093697800747,0.696165939092978,0.21817876921509677,0.6839232485524803,1.0853587594802898,0.0,0.0,0.0,1.0
0.015524593992680025,-1.0676801057624572,3.0448265540264883,0.09650722787701808,-2.5788347851008604,-0.7545284762417102,1.2285554373488923,-0.11575595841576336,-0.9565798986515268,-0.26749851511192096,0.36530814173783965,0.9517527505108975,-0.02976428040887119,-0.30541903920136326,-0.015482716286496934,0.28419581275273886,-0.2899465211165272,0.9138729424303105,1.0798674608265812,0.0,0.0,0.0,1.0
-1.3865815012990739,0.049502234977570225,1.0109450157775095,2.008419732980562,0.9348188462208777,1.487186079331208,0.5870853463455923,-0.14517982107252297,0.9737975485285824,0.17504614829545403,0.4653927239829343,-0.7882664890339651,-0.2207658665594578,0.5743678041362671,-0.12414415059932912,0.5979621742379829,-0.05459639770145533,0.7996627236145301,0.1559387820903264,0.0,0.0,0.0,1.0
-0.19667551287441132,-0.9953470233963075,-2.9942086162092467,1.538181863797728,0.37132336906773844,1.7909680631670815,-2.72799086213473,-0.9013743693263799,0.24710946387110444,-0.35561377811722417,-0.09568133548375866,0.34880084901943553,0.9009750751427621,-0.25803465212024385,-0.07803386479539653,0.2566363459153671,-0.35662420954953344,-0.8983078309345737,0.723756686582729,0.0,0.0,0.0,1.0
-1.6610020742807985,-1.4749477290428497,1.3621678003584732,1.4329298514882118,-1.5368506506493096,-0.00898128527535258,0.7158484227086706,-0.1134092998908942,0.2971541760334614,0.9480705281592355,0.5732428187271162,-0.6612979233269736,0.6895783816613184,-0.29524009238040405,-0.2811303105129419,-0.7415007668921789,-0.660440043615794,0.11830283803476,0.6990705151502364,0.0,0.0,0.0,1.0
-0.25390786725014336,1.0102090170665354,2.9786740992572778,0.4010592139520799,-1.308714174339201,1.643241178282153,-0.5724129825684798,-0.9792601432885536,0.0015389498457577533,0.2026010942711166,0.696260295559775,0.19929743826843466,-0.17268464694733265,0.9646038273863085,-0.001970707169751229,0.036470575346724154,0.9849759613016182,0.1687964833514951,-0.18538965504566257,0.0,0.0,0.0,1.0
0.6983851397168122,0.9314947994031773,-1.7791025646180814,0.9635891193105071,-1.0813205537925874,-0.47025612433213504,-0.5323015824916117,0.76865509032632,0.25473560655763944,0.5867530339650137,0.7297142359499221,0.546456131834542,-0.7383068164482322,-0.39533370810810714,-0.018976126955929158,0.3324981926204512,0.6245100603975793,-0.7067051268855671,-0.20938710261869023,0.0,0.0,0.0,1.0
-0.9050071180729456,0.3946148663059379,-0.3412363542634518,0.0261168770245727,0.7558699565722691,-0.9091621583505042,0.5047299876498492,0.8318200908829639,0.48361602936448783,0.27238001495187664,0.5135776644067938,-0.001535604968574994,0.49273800494040654,-0.8701763616674086,-0.6798306368549989,-0.5550432220294546,0.7234119121420899,0.410612015228594,-0.031842285146773855,0.0,0.0,0.0,1.0
0.31450015453654134,0.44258014158499304,-1.4975900953038142,0.3528201981477992,-2.084130754068706,1.6002407327700305,-0.020918796601916423,-0.9173831797271372,0.16060296621074188,0.36416313486957774,0.8377151863092145,0.07020655960048826,-0.8353247726978968,0.545255502591464,0.10004356123715218,0.39176413891880163,0.5257748675635971,0.7550375143631554,0.056778303052641754,0.0,0.0,0.0,1.0
0.043982817003119346,-1.0140990042168794,-0.24979270446131485,0.3369372859304367,-1.8156755937215585,1.9273551013877028,-2.9111114446129083,0.47397369981742843,-0.6788763945026393,-0.5607813949022158,0.595824659374145,-0.24881794235131305,0.5076470609258275,-0.8248539828948079,-0.12556378651505293,0.8446529248427647,0.5304915668702623,0.07169472807743302,0.8034424242945103,0.0,0.0,0.0,1.0
0.28338268294490954,-1.8443068701421712,2.46816960039862,0.15898755178508756,0.19975030378434155,-1.3266606518439492,-2.4697999187810495,0.5864564118575205,-0.2322056077845899,0.7759828817084765,-0.10244975465993043,0.5801743393173633,0.7889468401227053,-0.20238730063435154,-0.007751904347749045,-0.5652137763615311,0.56889668585235,0.597402668086902,1.0264253156303436,0.0,0.0,0.0,1.0
0.8940381264421167,0.3467842116779125,-2.135578202768363,0.2388859645594762,-2.2451947081385244,-0.7117340921545889,-2.500011087041071,-0.2479940347276336,-0.22551102924506103,0.9421484672960747,0.753045761778719,-0.7498957871211808,0.6603864382554423,-0.039319977443989886,0.5298507681915671,-0.6133149820421919,-0.7162642863197385,-0.33288166808261116,0.07728759699534213,0.0,0.0,0.0,1.0
0.6162553129699055,-1.4455977916410854,1.9069755281254768,1.0108260356460834,1.2817187872949605,1.5890229439479284,2.952906970003693,-0.5731337303956427,-0.44845566608073417,-0.6858609499328995,-0.23093439838541896,0.42076476652140216,0.5571599260247025,-0.7159118856998657,0.21485306422237135,0.7031889776844943,-0.698899372150407,-0.13063280319583817,0.8397592075815117,0.0,0.0,0.0,1.0
-0.08123427754507628,-0.11346954659197728,-2.440738204162813,0.558816510821838,-0.8815865199568473,-1.2343127031269165,-2.046361279497189,0.16667529599334768,0.7444858924092532,0.6464983385200056,0.8333697865530251,0.9078738666655024,0.13993143160663807,-0.39520151400816583,-0.2736495144089031,-0.38468738987827455,0.6528092757093106,-0.6525761730376965,0.49464705662363256,0.0,0.0,0.0,1.0
1.0833629932134186,0.8128629976135149,3.0371539002852064,2.1027312029168748,-1.2978327182430522,-0.49626715551059086,2.9592287745337345,0.8066467099145596,0.2921273872723039,0.5137924434919937,0.2903195351411781,-0.43369963065961936,0.8831451442528625,0.1787715988301843,0.45823461061440807,-0.4015292215390134,-0.36703711500071456,0.8390816649541486,0.5196826353246509,0.0,0.0,0.0,1.0
0.4623391466872844,-1.293533153266088,2.8980123563392173,0.5458895702149477,-0.8823591302386142,-0.6515396474672374,0.8149370206709365,-0.9549982447052099,0.17122557434326158,0.24219858649626488,0.057206648847122836,-0.2531259566889638,-0.8961132653464703,-0.36456585923586343,0.02526877007991144,0.15461436757386204,-0.409466504565278,0.8991282327781881,1.1115525276100655,0.0,0.0,0.0,1.0
-0.008369785995570478,-1.1815967540588144,0.12534479977136215,0.3322464139624541,-1.0946011320002431,0.2901798555116688,0.3779069053545441,0.440129791797235,0.48466084765820905,0.7559031876634398,0.6648505871895505,-0.5450249439096394,0.8132083949267985,-0.20405861152344093,-0.012417634232084588,-0.7136060375927443,-0.32217381825313873,0.622069492857009,0.9426854785124461,0.0,0.0,0.0,1.0
-1.693938010246001,-0.36545246385237196,1.1667552783737367,0.771534035504951,-2.4617666051212366,1.5059375282320053,-1.9353084882863019,0.10091687814140955,-0.5980713131486758,-0.7950638264283005,0.16951427997053164,-0.35803416451614556,0.72377082523089,-0.5898875567290959,-0.8119981995985102,0.9282388274282743,0.3441896235118303,-0.14108927075212696,0.36857374945584903,0.0,0.0,0.0,1.0
0.47765978665626796,-0.3766623796190869,-2.1069473394244738,2.366586030068217,-1.7340330111064848,-0.07869719702222744,-3.0468736230455367,0.49617835754210954,0.7714466270787863,-0.3983429917490433,0.2225676413421455,-0.2152587041635293,-0.3351729245596697,-0.9172365021759414,-0.31185054275990676,-0.8411127913595494,0.5408596973438506,-0.0002449499242973051,0.48308694574249894,0.0,0.0,0.0,1.0
0.7551775145082378,-0.3795316686256518,2.930670124852729,0.25882761538003246,-2.714708606992257,-0.904295669924867,0.10967292060877831,0.5034304842566385,-0.8535896756467937,0.13394929320578106,0.5481518600022047,0.8639775416515938,0.4991097910770985,-0.0665749500386123,0.49162653011053586,-0.01002771373720188,0.1492450403871993,0.9887493933636713,0.8068653694912241,0.0,0.0,0.0,1.0
1.5010415544075355,-1.4137867350132969,2.396831378906751,0.6521865985702208,-2.5310582970042055,0.042898904660063186,2.1376331555563564,-0.8127869289322982,0.39479061893116046,-0.42838974703038213,-0.19635824886048958,-0.31501861970220735,-0.9164196854828203,-0.24685669790484807,-0.04780737193480666,-0.49004150579080485,-0.06569115057236075,0.869220337623758,1.0735491782785505,0.0,0.0,0.0,1.0
0.00867513723587976,0.472783015010112,-1.6097885984855007,0.5545731841785186,0.5094898965889034,1.8716935134549935,2.482734469760061,0.3290447407072193,0.4814400626203684,-0.8123700048112403,0.6391045342204673,-0.33993702653688274,-0.7422115595203809,-0.5775507067813065,-0.3346106884426979,-0.8810064566177604,0.4661946664414127,-0.08056150680938567,-0.03154689476241562,0.0,0.0,0.0,1.0
-1.1624955133645671,-0.178116300016802,-2.1176470082260734,0.07174439735120354,-1.000796762627389,-1.332170455345056,-0.32582965026231614,0.5811746329703102,-0.793443950727736,0.18078369131474997,0.31265914653229593,-0.6932743566881939,-0.5990776864276661,-0.4005952970056508,-0.7986872808408876,0.42615339063580826,0.10748312741094117,-0.8982430990392116,0.36673214342065813,0.0,0.0,0.0,1.0
-0.8300136915253713,0.4736684031759375,0.2727389476911961,1.5281119804536474,1.034307854370521,-1.2710070397220559,2.7196569802433554,0.34093921184489345,-0.8607906931570952,-0.37788865608894723,0.24734792050445753,-0.7604781630128753,-0.016225003922300307,-0.6491607757930881,-0.14361971571630397,0.552660309238094,0.5087004342654418,-0.6601442651201368,-0.3440970414699644,0.0,0.0,0.0,1.0
-0.7613238853924674,0.9423457063809573,-1.692315988296769,-0.04901026237517861,2.135824148635834,0.8623174202183372,-2.7573693171528415,0.14696103231316027,-0.9829494362792197,0.11051181248995517,0.3991156120881616,-0.9169742646478029,-0.09349306608425229,0.387836620973041,-0.3336273041785159,-0.37089169976567415,-0.15833335817991864,-0.9150791740239738,-0.4234333118791703,0.0,0.0,0.0,1.0
-0.10140523734891871,-0.06982768275649942,2.620935014509106,0.20283334959950522,0.44888119071918675,-1.2151030608636877,1.3681627995260586,0.14717523689005138,-0.8121390729419669,0.5645968259274222,0.9114863995433613,-0.9692741544382107,-0.23216308524790744,-0.08128908528372467,-0.01701433963429049,0.19709658339111052,-0.5352853706660919,-0.8213540702805434,0.37175983703083426,0.0,0.0,0.0,1.0
-0.3525646973811227,1.0390101963882854,-2.85326910585595,2.587782259665962,0.4676233075622487,-1.134388301904146,2.6962310099493703,0.3622591033116094,0.31512386191589636,0.8771917086470206,0.41426874113861295,-0.35791984984575154,0.9159921964517727,-0.18125031620897,-0.19837469661960436,-0.860617059530116,-0.24830474762007282,0.4446155970668017,0.4221860256926693,0.0,0.0,0.0,1.0
1.5098055686763356,-2.144243411074597,0.3633370827648479,0.04967407603161947,-0.7318857481408259,2.05739381665423,-0.027592676360962187,-0.12332896077276494,-0.91507092089032,0.38397288599021073,0.05722999698965086,0.06781840667796454,0.37825030281709066,0.9232157776676272,-0.14550079823326756,-0.9900457722501379,0.13989967176416443,0.015409435093703868,0.9524915635801304,0.0,0.0,0.0,1.0
1.2508242144582422,-1.0280200698469075,2.7552933382847593,2.4181307864367603,1.5483791940004403,0.18448664660231917,0.5574164646561472,0.562174402303549,-0.7392774815686642,-0.37071383389366586,-0.13643492308054112,-0.4599086675218691,0.09308900951380614,-0.8830733003811161,-0.20269505821593362,0.6873455891565073,0.6669357102099358,-0.28766786319271437,0.4731521173978384,0.0,0.0,0.0,1.0
-1.1415975242099636,-0.512018746262447,2.3264006880478343,2.1064483931475264,-1.5693228566747046,1.2681682227270665,-1.9916507214915589,0.5379471880075763,0.21672226545697698,0.8146436537345249,0.45354037806885383,0.027666652866768282,-0.9704056285347924,0.23989054259629325,0.06505502971509931,0.8425244086873037,-0.10650997964129888,-0.5280229587839141,0.5323960195875154,0.0,0.0,0.0,1.0
0.11607339892659096,0.6848704134456112,2.498451484582689,0.4019193392366616,1.4469426135567343,-1.1300385120370657,-0.07292383382992895,0.9977526360594017,0.03366571362346783,-0.05793355644821007,0.7609757084020305,0.06585136795312069,-0.652428252950278,0.7549840873097597,0.29333167963102075,-0.012380410947056511,-0.7571023672387183,-0.6531789425159933,-0.10365678640198997,0.0,0.0,0.0,1.0
0.6653436110142985,0.10386503141473025,0.8900012987771353,2.0232364778217753,-1.408757994019728,0.2240754838674115,-1.7624819284789333,0.4282026334323591,0.5118008650778536,-0.7447834445173668,-0.03224410871721206,0.8248623338078757,-0.5579941694617221,0.09079998409552376,0.40137540279012074,-0.3691133091431645,-0.6532246025313833,-0.6610998288164195,-0.07706894475867984,0.0,0.0,0.0,1.0
1.5941052750850442,-1.6360557314582262,1.53564942723143,1.7809536306906635,-0.1644566102646592,-0.9361532157785365,-2.6575110268212865,0.5786886771272496,-0.32934031748387915,-0.7460927356866113,-0.46496710022531546,0.3180805676242846,0.9335300508101034,-0.16536745972015965,0.03849072427821544,0.7509621611403114,-0.14162132436219976,0.644980025288667,0.6333894618852962,0.0,0.0,0.0,1.0
-0.4142289348595094,0.5649225671489106,2.6151058678192696,1.4275261041871146,-1.4515758311197158,1.8341519239860753,2.490639463772677,0.15093574801722603,0.9737945734117173,-0.17012503861681133,0.697503664409973,0.5261491421683093,0.06655870120687965,0.8477835923684803,0.05816182068122003,0.8368903632890228,-0.21747199380045334,-0.5023150920950146,0.31688127800370364,0.0,0.0,0.0,1.0
-1.494144886560398,-0.1837373030705327,-2.1477572670074885,1.7350916694122882,-1.076594234835543,-0.2759356422461148,-0.2902935007212015,0.2955507607858967,-0.11666269096748814,-0.9481769688908825,-0.39074587191860355,0.4132731467120804,0.9104521603782578,0.0167979126458608,-0.3423793974879421,0.8613100800557094,-0.3968207154355567,0.3172983860589903,0.6145988362997035,0.0,0.0,0.0,1.0
1.3204839520350513,-0.401832574151602,-0.712213511533748,1.1893969815348022,1.2197911968870132,-1.1876729505693224,-0.399049868415434,0.5305335485229749,-0.07866177169199612,0.8440062082508022,0.5735678336907929,0.08785787316912563,0.9954251235351094,0.03754753730020088,0.5737892832064981,-0.8430985399191593,0.05423236219627925,0.5350174790385767,0.2425922851918101,0.0,0.0,0.0,1.0
0.3766512906985622,-0.8010522890153466,2.8072504879165416,1.951655606324309,1.8002629819679328,1.772042457319763,2.071754296133016,-0.1735048553811877,-0.9078919970493929,0.38161261359239435,-0.0010694539351722848,0.3081393457314311,-0.41808003575985797,-0.854552062376097,-0.0016921409993367609,0.9353855936304337,-0.030679070923038676,0.35229616210787823,0.7621130642852809,0.0,0.0,0.0,1.0
1.490777733194584,-1.2482063479809986,-0.8305407814597445,1.8517703764292421,0.052416020722788836,1.0670376138592557,-2.2231049719406957,0.9577517866144227,-0.2608121057906036,0.12119637251152199,0.41647156335009916,-0.24280188857877172,-0.9591328851588004,-0.14529745871672123,0.37805592913309055,0.15413876261168818,0.10973219254178122,-0.9819369062116521,0.3144178530149059,0.0,0.0,0.0,1.0
